negative:0.26349230153969205
positive:0.3568036392721456
cannot:0.2904269146170766
middle:0.08927714457108578
